01047,77	
01131,12	
12075,39	
12087,44	
12099,317	
13023,42	
13059,552	
25023,70	
36063,1	
36075,38	
36087,2	
36099,109	
37023,3	
37047,89	
37155,26	
37167,47	
40089,42	
41013,921	
42009,12	
42129,143	
47091,10	
49035,87	
51510,49	
51630,118	
51678,27	
53037,27	
02170,54	
06061,87	
06073,889	
06085,460	
06097,235	
12019,22	
12103,116	
12127,9	
13303,109	
13315,13	
18061,72	
18085,13	
18097,410	
19153,149	
22051,211	
22099,82	
23011,5	
36019,13	
36103,853	
40009,18	
45091,55	
46099,41	
47011,59	
47035,57	
47143,20	
47155,10	
47167,84	
48139,145	
48331,81	
48343,99	
48355,3	
48451,41	
48463,56	
48475,33	
48487,85	
48499,49	
51013,56	
51121,73	
51157,55	
05021,34	
05045,13	
05069,117	
06029,65	
06113,230	
12086,918	
16085,1	
18005,1	
21047,17	
21059,19	
21131,2	
22019,174	
22103,36	
28073,21	
28097,10	
29021,163	
29069,3	
29189,46	
33011,58	
34007,140	
34019,43	
45011,127	
45035,2	
45059,134	
46103,38	
48503,34	
50009,50	
04005,37	
05109,85	
21219,13	
26073,910	
28017,184	
28029,108	
28101,12	
28113,20	
28125,139	
28137,72	
28149,241	
29217,4	
30063,62	
31023,33	
32007,27	
39021,29	
39057,78	
39141,30	
39153,270	
39165,30	
42063,22	
44007,403	
55035,38	
55059,97	
01033,156	
12061,68	
12073,42	
12097,50	
13021,250	
13177,99	
13189,187	
13297,47	
25021,157	
26017,31	
26125,221	
27109,13	
36061,20463	
36085,359	
37021,83	
37069,3	
37141,16	
37189,53	
38017,110	
39109,55	
40099,41	
41047,40	
42007,2	
42115,22	
48061,164	
48073,73	
48085,24	
48181,130	
49045,23	
49057,55	
51760,490	
53035,133	
53047,18	
06071,78	
06083,148	
06095,1	
08003,24	
12005,22	
13205,1	
13313,2	
18095,327	
22061,6	
22073,247	
22097,194	
23021,146	
24005,24	
24017,28	
35045,13	
35057,25	
36005,1002	
36029,630	
36101,45	
40115,39	
47021,31	
47153,10	
47165,182	
47177,31	
47189,183	
48029,749	
48113,1387	
48245,373	
48365,169	
48461,50	
51059,79	
51143,33	
51179,26	
51800,21	
05031,104	
05055,50	
05067,50	
06111,356	
17031,7894	
17043,188	
17055,2	
17163,135	
18003,19	
18039,123	
18135,22	
21021,114	
22005,11	
22017,502	
22125,847	
28071,106	
28083,305	
28095,33	
29187,50	
34005,2416	
34017,530	
34029,16	
45033,1	
45045,231	
48309,308	
50007,163	
04027,3	
05107,53	
05119,814	
17119,89	
20125,2287	
28027,471	
28123,153	
28135,193	
39031,10	
39079,47	
39151,194	
44005,40	
54097,63	
72127,210	
01043,43	
01055,7	
08093,844	
12071,14	
12083,102	
12095,462	
13067,129	
13151,73	
13295,50	
26027,16	
26111,2	
26147,27	
31109,61	
36071,167	
37067,115	
39107,64	
40085,74	
40097,23	
42017,102	
42029,138	
42101,4632	
42125,146	
48095,4497	
48191,3	
51650,10	
51770,65	
53021,25	
53033,2197	
53057,15	
54005,38	
01119,23	
06081,196	
06093,1	
08013,321	
09009,975	
12039,105	
13215,84	
18081,1	
19161,110	
22071,1911	
22095,2	
24003,35	
24015,19	
24027,81	
36015,12	
36027,49	
36039,44	
36111,74	
36123,26	
37107,49	
37119,392	
40101,82	
40125,122	
40137,50	
47067,13	
47079,35	
47163,166	
47187,190	
48027,38	
48135,8	
48279,166	
48375,4	
51033,23	
51153,89	
51810,66	
02122,10	
05077,35	
06001,1627	
06013,355	
06025,41	
06037,19624	
10003,237	
17077,1	
17089,23	
17161,31	
17197,28	
18013,1	
18157,71	
19009,1	
21067,98	
21151,7	
22003,24	
22027,122	
22039,77	
22123,90	
28081,58	
28093,174	
29077,211	
34003,262	
34015,50	
34027,148	
34039,106	
45031,29	
45055,43	
45079,21	
46003,15	
46027,94	
48439,553	
50017,140	
04013,568	
04025,736	
05117,25	
05129,61	
16001,66	
17201,68	
20159,187	
21227,123	
21239,1	
26081,293	
27053,954	
28001,3	
28025,138	
28049,562	
28121,95	
28133,559	
28157,70	
29201,84	
31055,818	
32003,122	
38093,149	
39089,1511	
42071,10	
42095,19	
44003,236	
54083,18	
54095,64	
55031,1	
55079,522	
72113,9	
01077,87	
01089,16	
12081,23	
13077,74	
13089,193	
13185,64	
13293,6	
24510,697	
26025,79	
26049,264	
26121,41	
30111,9	
36081,1194	
36093,10	
40083,43	
41043,60	
42003,1007	
42027,1416	
49053,1	
51540,48	
53067,257	
54039,6	
04012,21	
08059,80	
12001,82	
13225,1	
13237,7	
24037,24	
25009,209	
35053,243	
36001,66	
36037,3	
37129,44	
40015,208	
40027,33	
40039,39	
40111,42	
40123,80	
40135,18	
47053,51	
47065,123	
47173,102	
47185,28	
48001,54	
48013,2	
48037,41	
48121,109	
48145,139	
48157,28	
48241,103	
48253,46	
48265,11	
48289,37	
48361,9	
48373,54	
51067,31	
51199,3	
51700,76	
05051,11	
05063,2	
05075,84	
05087,25	
06059,1280	
10001,133	
17051,97	
17099,22	
17183,81	
18035,4	
18167,99	
19127,21	
21161,44	
22001,144	
22025,91	
22049,54	
22121,54	
29195,102	
34001,6	
34013,910	
34025,268	
34037,28	
45041,21	
45089,10	
47009,28	
47117,3	
47129,1	
48401,15	
48437,74	
51107,67	
05019,97	
05103,13	
05115,20	
05139,156	
16059,129	
17019,344	
21009,45	
21117,1	
28011,219	
28035,61	
28143,99	
29019,49	
30093,35	
31041,181	
31077,1	
33009,252	
39063,29	
39087,94	
39099,116	
54081,43	
56001,35	
56013,107	
01075,1	
13051,96	
13063,83	
15007,65	
20209,122	
27019,2	
30049,33	
36091,10	
37051,72	
37063,160	
37075,98	
37099,60	
37171,61	
37183,376	
37195,3	
38035,75	
39139,107	
41053,89	
42001,139	
42013,140	
42037,44	
42049,9	
42133,98	
48091,42	
51790,1	
53041,51	
53053,494	
55009,43	
55105,1	
55117,96	
01103,49	
01115,29	
02090,56	
08069,100	
12011,256	
12023,50	
13115,42	
13127,58	
19193,20	
25007,45	
36047,4274	
36059,382	
37007,81	
37115,10	
37139,23	
40037,46	
40049,112	
41009,17	
47051,79	
47075,127	
47099,20	
48035,4	
48143,5	
48167,314	
48251,29	
48491,9	
51173,11	
51710,236	
51830,2	
05061,67	
06045,93	
06057,36	
17097,113	
18021,10	
18057,73	
18141,160	
18177,85	
19017,4	
19113,1	
21063,45	
21183,116	
21195,100	
23019,47	
29097,64	
34023,218	
34035,37	
35007,50	
45063,11	
45075,675	
45087,71	
47019,11	
48303,290	
48315,23	
48423,19	
48459,7	
50001,48	
05029,7	
05113,20	
05125,99	
16057,58	
17005,39	
17017,2	
17113,69	
20047,44	
21019,33	
21115,56	
28033,148	
28045,49	
28057,158	
32023,254	
33007,100	
39061,842	
39097,99	
42091,89	
45007,1	
45019,167	
55075,40	
01073,625	
01097,67	
26021,85	
27137,118	
37085,88	
37097,77	
37193,22	
39017,58	
39113,473	
41051,870	
42011,17	
42047,1	
51680,105	
53063,139	
53075,133	
54011,34	
54047,38	
55139,11	
01017,71	
01029,4	
01101,277	
01125,10	
08031,628	
09003,73	
09015,76	
12033,149	
12057,727	
12069,25	
13245,15	
24021,17	
24033,38	
24045,15	
25005,204	
25017,383	
36033,38	
36045,34	
36057,21	
37005,28	
37017,37	
37125,11	
40023,15	
40035,4	
40143,589	
47085,33	
47097,157	
48021,34	
48141,232	
48165,111	
48189,84	
48285,31	
48297,5	
51063,22	
51087,30	
51171,15	
51195,5	
51720,49	
02020,56	
05095,51	
06043,45	
06067,287	
06079,113	
18163,64	
18175,1	
19111,10	
21073,47	
21193,50	
22033,228	
22057,33	
23005,143	
23029,1	
29071,20	
29095,589	
34021,139	
34033,17	
47113,76	
47149,40	
48217,2	
48337,84	
48349,122	
48445,28	
51019,17	
05003,40	
05027,12	
05039,12	
05111,39	
05123,46	
05147,91	
06107,1	
16031,9	
17111,1	
20045,90	
20177,151	
21029,395	
21125,4	
22109,79	
28043,150	
28151,271	
28163,214	
29135,44	
29159,20	
39071,82	
39095,263	
55073,534	
56045,37	
72035,9	
01083,51	
01095,49	
13083,3	
13095,30	
15003,68	
26031,9	
26151,14	
26163,4817	
27003,36	
27123,121	
28107,93	
28119,57	
37083,1	
37095,12	
39003,57	
39027,23	
42045,5	
42069,110	
53061,74	
53073,35	
54045,29	
55017,32	
55101,1	
01015,31	
08041,24	
09001,186	
12031,589	
12055,39	
13039,5	
13135,33	
19093,11	
24031,116	
24043,61	
25015,301	
25027,591	
36055,273	
36067,230	
36079,117	
37003,13	
37027,28	
37123,1468	
37135,443	
37147,55	
37159,39	
40057,16	
41005,36	
41017,58	
41029,24	
47071,49	
48067,126	
48187,2	
49039,253	
51061,19	
51730,26	
05093,46	
06041,111	
06053,32	
06065,240	
06077,96	
06089,77	
13319,1754	
17093,12	
18089,153	
19013,34	
19133,5	
19145,97	
19169,327	
21083,29	
21095,5	
22031,12	
22055,211	
23003,1	
29510,1135	
34031,248	
36119,807	
40109,439	
45083,38	
47015,2955	
47123,79	
48107,70	
48203,48	
48215,341	
48347,35	
48479,114	
51017,625	
51149,28	
05049,36	
05133,92	
05145,84	
17037,55	
17121,101	
18105,246	
21111,476	
22119,95	
28077,156	
28089,509	
29001,12	
29145,1	
32031,94	
33003,7	
33015,55	
39081,20	
39093,59	
45003,75	
55071,4	
01081,21	
01093,41	
13081,62	
15001,332	
26065,163	
26077,84	
26161,408	
27001,787	
27013,11	
28009,83	
30031,49	
31003,38	
31159,31	
37081,236	
39001,64	
39025,76	
39049,488	
39133,12	
39145,89	
42043,79	
42055,29	
42079,65	
54055,3	
55123,24	
55135,3	
01001,541	
01013,1	
01121,84	
08099,6	
09011,99	
13121,1879	
24041,837	
25013,103	
25025,3803	
30107,19	
36065,12	
36077,73	
37013,18	
37133,107	
40031,136	
41039,172	
42107,98	
47081,82	
47093,293	
48185,118	
48293,75	
49049,49	
51740,206	
53027,27	
54107,11	
05091,15	
06075,6178	
06087,259	
06099,78	
11001,3660	
12009,42	
12105,2760	
12117,55	
18063,385	
19059,13	
21081,77	
21093,24	
22053,13	
22077,7	
29091,27	
35001,98	
40119,2	
47037,1991	
47133,82	
47157,2193	
48201,1541	
48441,65	
48453,1346	
48465,38	
48477,85	
51003,2	
51015,34	
51147,2	
05023,5	
05035,177	
05047,45	
05131,4	
05143,93	
06007,39	
06019,4940	
06103,89	
17035,47	
17131,52	
17143,128	
17167,2389	
18019,26	
18103,43	
18127,30	
20161,14	
20173,117	
21013,39	
21037,2	
21133,18	
21145,54	
22009,88	
22105,188	
22117,94	
28051,58	
28075,132	
28087,85	
28099,68	
29131,624	
29143,27	
29155,15	
29167,25	
34009,98	
45025,47	
46117,70	
72031,1	
04007,7	
04019,287	
13091,49	
20009,100	
26087,68	
27035,88	
27047,47	
28007,97	
28103,98	
29207,50	
30041,14	
31001,28	
31157,14	
39023,15	
39035,1639	
39155,54	
39167,40	
42041,1	
42077,132	
51590,52	
55025,135	
55133,144	
72107,385	
