id,rate
72127,210	
72113,9	
72107,385	
72035,9	
72031,1	
56045,37	
56013,107	
56001,35	
55139,11	
55135,3	
55133,144	
55123,24	
55117,96	
55105,1	
55101,1	
55079,522	
55075,40	
55073,534	
55071,4	
55059,97	
55035,38	
55031,1	
55025,135	
55017,32	
55009,43	
54107,11	
54097,63	
54095,64	
54083,18	
54081,43	
54055,3	
54047,38	
54045,29	
54039,6	
54011,34	
54005,38	
53075,133	
53073,35	
53067,257	
53063,139	
53061,74	
53057,15	
53053,494	
53047,18	
53041,51	
53037,27	
53035,133	
53033,2197	
53027,27	
53021,25	
51830,2	
51810,66	
51800,21	
51790,1	
51770,65	
51760,490	
51740,206	
51730,26	
51720,49	
51710,236	
51700,76	
51680,105	
51678,27	
51650,10	
51630,118	
51590,52	
51540,48	
51510,49	
51199,3	
51195,5	
51179,26	
51173,11	
51171,15	
51157,55	
51153,89	
51149,28	
51147,2	
51143,33	
51121,73	
51107,67	
51087,30	
51067,31	
51063,22	
51061,19	
51059,79	
51033,23	
51019,17	
51017,625	
51015,34	
51013,56	
51003,2	
50017,140	
50009,50	
50007,163	
50001,48	
49057,55	
49053,1	
49049,49	
49045,23	
49039,253	
49035,87	
48503,34	
48499,49	
48491,9	
48487,85	
48479,114	
48477,85	
48475,33	
48465,38	
48463,56	
48461,50	
48459,7	
48453,1346	
48451,41	
48445,28	
48441,65	
48439,553	
48437,74	
48423,19	
48401,15	
48375,4	
48373,54	
48365,169	
48361,9	
48355,3	
48349,122	
48347,35	
48343,99	
48337,84	
48331,81	
48315,23	
48309,308	
48303,290	
48297,5	
48293,75	
48289,37	
48285,31	
48279,166	
48265,11	
48253,46	
48251,29	
48245,373	
48241,103	
48217,2	
48215,341	
48203,48	
48201,1541	
48191,3	
48189,84	
48187,2	
48185,118	
48181,130	
48167,314	
48165,111	
48157,28	
48145,139	
48143,5	
48141,232	
48139,145	
48135,8	
48121,109	
48113,1387	
48107,70	
48095,4497	
48091,42	
48085,24	
48073,73	
48067,126	
48061,164	
48037,41	
48035,4	
48029,749	
48027,38	
48021,34	
48013,2	
48001,54	
47189,183	
47187,190	
47185,28	
47177,31	
47173,102	
47167,84	
47165,182	
47163,166	
47157,2193	
47155,10	
47153,10	
47149,40	
47143,20	
47133,82	
47129,1	
47123,79	
47117,3	
47113,76	
47099,20	
47097,157	
47093,293	
47091,10	
47085,33	
47081,82	
47079,35	
47075,127	
47071,49	
47067,13	
47065,123	
47053,51	
47051,79	
47037,1991	
47035,57	
47021,31	
47019,11	
47015,2955	
47011,59	
47009,28	
46117,70	
46103,38	
46099,41	
46027,94	
46003,15	
45091,55	
45089,10	
45087,71	
45083,38	
45079,21	
45075,675	
45063,11	
45059,134	
45055,43	
45045,231	
45041,21	
45035,2	
45033,1	
45031,29	
45025,47	
45019,167	
45011,127	
45007,1	
45003,75	
44007,403	
44005,40	
44003,236	
42133,98	
42129,143	
42125,146	
42115,22	
42107,98	
42101,4632	
42095,19	
42091,89	
42079,65	
42077,132	
42071,10	
42069,110	
42063,22	
42055,29	
42049,9	
42047,1	
42045,5	
42043,79	
42041,1	
42037,44	
42029,138	
42027,1416	
42017,102	
42013,140	
42011,17	
42009,12	
42007,2	
42003,1007	
42001,139	
41053,89	
41051,870	
41047,40	
41043,60	
41039,172	
41029,24	
41017,58	
41013,921	
41009,17	
41005,36	
40143,589	
40137,50	
40135,18	
40125,122	
40123,80	
40119,2	
40115,39	
40111,42	
40109,439	
40101,82	
40099,41	
40097,23	
40089,42	
40085,74	
40083,43	
40057,16	
40049,112	
40039,39	
40037,46	
40035,4	
40031,136	
40027,33	
40023,15	
40015,208	
40009,18	
39167,40	
39165,30	
39155,54	
39153,270	
39151,194	
39145,89	
39141,30	
39139,107	
39133,12	
39113,473	
39109,55	
39107,64	
39099,116	
39097,99	
39095,263	
39093,59	
39089,1511	
39087,94	
39081,20	
39079,47	
39071,82	
39063,29	
39061,842	
39057,78	
39049,488	
39035,1639	
39031,10	
39027,23	
39025,76	
39023,15	
39021,29	
39017,58	
39003,57	
39001,64	
38093,149	
38035,75	
38017,110	
37195,3	
37193,22	
37189,53	
37183,376	
37171,61	
37167,47	
37159,39	
37155,26	
37147,55	
37141,16	
37139,23	
37135,443	
37133,107	
37129,44	
37125,11	
37123,1468	
37119,392	
37115,10	
37107,49	
37099,60	
37097,77	
37095,12	
37085,88	
37083,1	
37081,236	
37075,98	
37069,3	
37067,115	
37063,160	
37051,72	
37047,89	
37027,28	
37023,3	
37021,83	
37017,37	
37013,18	
37007,81	
37005,28	
37003,13	
36123,26	
36119,807	
36111,74	
36103,853	
36101,45	
36099,109	
36093,10	
36091,10	
36087,2	
36085,359	
36081,1194	
36079,117	
36077,73	
36075,38	
36071,167	
36067,230	
36065,12	
36063,1	
36061,20463	
36059,382	
36057,21	
36055,273	
36047,4274	
36045,34	
36039,44	
36037,3	
36033,38	
36029,630	
36027,49	
36019,13	
36015,12	
36005,1002	
36001,66	
35057,25	
35053,243	
35045,13	
35007,50	
35001,98	
34039,106	
34037,28	
34035,37	
34033,17	
34031,248	
34029,16	
34027,148	
34025,268	
34023,218	
34021,139	
34019,43	
34017,530	
34015,50	
34013,910	
34009,98	
34007,140	
34005,2416	
34003,262	
34001,6	
33015,55	
33011,58	
33009,252	
33007,100	
33003,7	
32031,94	
32023,254	
32007,27	
32003,122	
31159,31	
31157,14	
31109,61	
31077,1	
31055,818	
31041,181	
31023,33	
31003,38	
31001,28	
30111,9	
30107,19	
30093,35	
30063,62	
30049,33	
30041,14	
30031,49	
29510,1135	
29217,4	
29207,50	
29201,84	
29195,102	
29189,46	
29187,50	
29167,25	
29159,20	
29155,15	
29145,1	
29143,27	
29135,44	
29131,624	
29097,64	
29095,589	
29091,27	
29077,211	
29071,20	
29069,3	
29021,163	
29019,49	
29001,12	
28163,214	
28157,70	
28151,271	
28149,241	
28143,99	
28137,72	
28135,193	
28133,559	
28125,139	
28123,153	
28121,95	
28119,57	
28113,20	
28107,93	
28103,98	
28101,12	
28099,68	
28097,10	
28095,33	
28093,174	
28089,509	
28087,85	
28083,305	
28081,58	
28077,156	
28075,132	
28073,21	
28071,106	
28057,158	
28051,58	
28049,562	
28045,49	
28043,150	
28035,61	
28033,148	
28029,108	
28027,471	
28025,138	
28017,184	
28011,219	
28009,83	
28007,97	
28001,3	
27137,118	
27123,121	
27109,13	
27053,954	
27047,47	
27035,88	
27019,2	
27013,11	
27003,36	
27001,787	
26163,4817	
26161,408	
26151,14	
26147,27	
26125,221	
26121,41	
26111,2	
26087,68	
26081,293	
26077,84	
26073,910	
26065,163	
26049,264	
26031,9	
26027,16	
26025,79	
26021,85	
26017,31	
25027,591	
25025,3803	
25023,70	
25021,157	
25017,383	
25015,301	
25013,103	
25009,209	
25007,45	
25005,204	
24510,697	
24045,15	
24043,61	
24041,837	
24037,24	
24033,38	
24031,116	
24027,81	
24021,17	
24017,28	
24015,19	
24005,24	
24003,35	
23029,1	
23021,146	
23019,47	
23011,5	
23005,143	
23003,1	
22125,847	
22123,90	
22121,54	
22119,95	
22117,94	
22109,79	
22105,188	
22103,36	
22099,82	
22097,194	
22095,2	
22077,7	
22073,247	
22071,1911	
22061,6	
22057,33	
22055,211	
22053,13	
22051,211	
22049,54	
22039,77	
22033,228	
22031,12	
22027,122	
22025,91	
22019,174	
22017,502	
22009,88	
22005,11	
22003,24	
22001,144	
21239,1	
21227,123	
21219,13	
21195,100	
21193,50	
21183,116	
21161,44	
21151,7	
21145,54	
21133,18	
21131,2	
21125,4	
21117,1	
21115,56	
21111,476	
21095,5	
21093,24	
21083,29	
21081,77	
21073,47	
21067,98	
21063,45	
21059,19	
21047,17	
21037,2	
21029,395	
21021,114	
21019,33	
21013,39	
21009,45	
20209,122	
20177,151	
20173,117	
20161,14	
20159,187	
20125,2287	
20047,44	
20045,90	
20009,100	
19193,20	
19169,327	
19161,110	
19153,149	
19145,97	
19133,5	
19127,21	
19113,1	
19111,10	
19093,11	
19059,13	
19017,4	
19013,34	
19009,1	
18177,85	
18175,1	
18167,99	
18163,64	
18157,71	
18141,160	
18135,22	
18127,30	
18105,246	
18103,43	
18097,410	
18095,327	
18089,153	
18085,13	
18081,1	
18063,385	
18061,72	
18057,73	
18039,123	
18035,4	
18021,10	
18019,26	
18013,1	
18005,1	
18003,19	
17201,68	
17197,28	
17183,81	
17167,2389	
17163,135	
17161,31	
17143,128	
17131,52	
17121,101	
17119,89	
17113,69	
17111,1	
17099,22	
17097,113	
17093,12	
17089,23	
17077,1	
17055,2	
17051,97	
17043,188	
17037,55	
17035,47	
17031,7894	
17019,344	
17017,2	
17005,39	
16085,1	
16059,129	
16057,58	
16031,9	
16001,66	
15007,65	
15003,68	
15001,332	
13319,1754	
13315,13	
13313,2	
13303,109	
13297,47	
13295,50	
13293,6	
13245,15	
13237,7	
13225,1	
13215,84	
13205,1	
13189,187	
13185,64	
13177,99	
13151,73	
13135,33	
13127,58	
13121,1879	
13115,42	
13095,30	
13091,49	
13089,193	
13083,3	
13081,62	
13077,74	
13067,129	
13063,83	
13059,552	
13051,96	
13039,5	
13023,42	
13021,250	
12127,9	
12117,55	
12105,2760	
12103,116	
12099,317	
12097,50	
12095,462	
12087,44	
12086,918	
12083,102	
12081,23	
12075,39	
12073,42	
12071,14	
12069,25	
12061,68	
12057,727	
12055,39	
12039,105	
12033,149	
12031,589	
12023,50	
12019,22	
12011,256	
12009,42	
12005,22	
12001,82	
11001,3660	
10003,237	
10001,133	
09015,76	
09011,99	
09009,975	
09003,73	
09001,186	
08099,6	
08093,844	
08069,100	
08059,80	
08041,24	
08031,628	
08013,321	
08003,24	
06113,230	
06111,356	
06107,1	
06103,89	
06099,78	
06097,235	
06095,1	
06093,1	
06089,77	
06087,259	
06085,460	
06083,148	
06081,196	
06079,113	
06077,96	
06075,6178	
06073,889	
06071,78	
06067,287	
06065,240	
06061,87	
06059,1280	
06057,36	
06053,32	
06045,93	
06043,45	
06041,111	
06037,19624	
06029,65	
06025,41	
06019,4940	
06013,355	
06007,39	
06001,1627	
05147,91	
05145,84	
05143,93	
05139,156	
05133,92	
05131,4	
05129,61	
05125,99	
05123,46	
05119,814	
05117,25	
05115,20	
05113,20	
05111,39	
05109,85	
05107,53	
05103,13	
05095,51	
05093,46	
05091,15	
05087,25	
05077,35	
05075,84	
05069,117	
05067,50	
05063,2	
05061,67	
05055,50	
05051,11	
05049,36	
05047,45	
05045,13	
05039,12	
05035,177	
05031,104	
05029,7	
05027,12	
05023,5	
05021,34	
05019,97	
05003,40	
04027,3	
04025,736	
04019,287	
04013,568	
04012,21	
04007,7	
04005,37	
02170,54	
02122,10	
02090,56	
02020,56	
01131,12	
01125,10	
01121,84	
01119,23	
01115,29	
01103,49	
01101,277	
01097,67	
01095,49	
01093,41	
01089,16	
01083,51	
01081,21	
01077,87	
01075,1	
01073,625	
01055,7	
01047,77	
01043,43	
01033,156	
01029,4	
01017,71	
01015,31	
01013,1	
01001,541	
